---------------------------------------------------------
|  0  9  0  4 | 10  2  0 11 |  0  8  0  6 |  0  0 14  0 | 
|  3  0  0  2 |  0  5  9  0 | 16 13  0  0 | 12 11  0  0 | 
|  0  0 11 16 |  0  7  6 14 |  0  0 10  0 |  8  0  2  3 | 
|  0  0  6 14 |  0  0  3 16 | 12  9  2 11 |  1  0 10  5 | 
---------------------------------------------------------
|  0  0  1  7 |  0 14  4  8 |  0  6  0 16 |  2  0  5 11 | 
|  0  0  0  0 |  7  0  1 10 |  2  3 11  0 | 13  0  0  9 | 
|  0 16  9 11 |  0  0  5  2 | 15  0  0  0 | 10  4  8  0 | 
|  0  6  0  5 |  0  0 16  0 |  0 14  0  0 |  0  1  7 12 | 
---------------------------------------------------------
| 15  0  0  0 |  6 12  0  0 |  8  5 13  9 |  0  2  0  0 | 
|  0  3 12 13 |  0  0  0  0 |  6 11 16  0 |  0  5  9  8 | 
| 14  0  0  0 |  5  0 11  3 |  7 10  1 12 |  0 13 15  0 | 
| 11  5 16  0 |  0  0  8  9 |  0  4 15  0 |  7 10 12  1 | 
---------------------------------------------------------
|  9  0 13 15 |  0  3  7  6 |  4 12  0  0 |  0  0  0  0 | 
|  8  7  0  1 | 14 10  2 12 |  0 16  3 13 |  4  0 11 15 | 
| 16 11  0  0 |  8  0 15  1 |  5  0  0 10 |  9 12 13  0 | 
|  6  4  2  0 | 16  9  0  0 | 11  7  0 15 |  3  8  1  0 | 
---------------------------------------------------------
