---------------------------------------------------------
| 10  0  0  2 | 12  9  3 16 |  7  6  0  0 |  0  0  0 14 | 
|  0  0  0 16 | 10  0  1  2 | 11  0  5  0 |  4  7  0 15 | 
|  7  0  4 15 |  0  0  0 14 |  0  8  1  2 |  0  0  0 16 | 
|  0 13  5  0 |  4  7  0  0 | 12  9  0  0 |  0  0  1  2 | 
---------------------------------------------------------
|  0  1  2  0 |  0  0  4  0 | 16 12  0  0 |  5 15 14 11 | 
|  9  0  0 12 |  8  1  2 10 |  0  0  0 11 |  0  4  7  0 | 
|  0  0  0 13 |  0 15  0 11 |  8  0  2  0 |  9  3  0 12 | 
| 15  5 14  0 |  0 12  0 13 |  6  0  7  0 |  8  0  0  0 | 
---------------------------------------------------------
|  1  2 10  8 |  6  0  0  0 |  9  0 11  5 |  0  0 13  0 | 
|  0 16 12  9 |  0  2 10  8 |  0  0  0  6 |  7  0  0  5 | 
|  0  4 13  5 |  0  0 15  0 |  1  7  0  0 |  2 10  0  0 | 
|  0 11 15  7 |  0  0  0  5 |  0 10 12  0 |  1  6  0  9 | 
---------------------------------------------------------
|  0  0  0  0 |  0  0  0  6 |  0  0 15 12 | 13  5  9  1 | 
|  0 12  8  0 |  2 14  0  1 |  5  4  6  9 | 15 16  0  0 | 
|  0 15  0  6 | 13  0  0  0 |  0  2 10  0 |  0 12  0  8 | 
|  0  0  0  1 | 15  0  0  4 | 13  0  8  7 |  0  0 11  0 | 
---------------------------------------------------------
