<<<<<<< HEAD
-------------------------
| 0 0 0 0 | 0 13 5 2 | 0 14 0 11 | 0 6 8 10 | 
| 0 12 0 0 | 1 4 3 11 | 5 0 0 0 | 13 9 0 0 | 
| 0 0 0 0 | 7 15 0 10 | 4 0 13 0 | 12 0 5 2 | 
| 10 0 13 0 | 0 12 14 0 | 0 7 0 0 | 4 1 0 0 | 
-------------------------
| 4 1 7 0 | 0 0 0 0 | 14 0 0 3 | 0 0 0 6 | 
| 0 15 3 0 | 4 0 0 0 | 2 12 10 8 | 0 0 0 9 | 
| 0 0 12 10 | 0 0 0 16 | 0 4 0 13 | 2 15 0 7 | 
| 0 0 8 0 | 9 0 0 14 | 11 0 6 0 | 1 3 0 0 | 
-------------------------
| 0 0 4 0 | 14 3 0 0 | 16 0 0 0 | 10 0 0 8 | 
| 3 0 0 0 | 15 7 1 0 | 0 10 0 0 | 0 2 0 13 | 
| 15 6 2 0 | 0 16 0 0 | 3 0 4 0 | 0 0 1 0 | 
| 7 8 0 9 | 2 0 0 0 | 0 11 1 0 | 16 0 3 0 | 
-------------------------
| 16 0 0 0 | 0 14 7 0 | 0 9 0 0 | 0 0 0 4 | 
| 0 7 1 4 | 0 9 16 6 | 13 0 0 0 | 0 0 0 0 | 
| 9 10 0 2 | 0 8 13 0 | 6 0 16 4 | 14 0 0 0 | 
| 12 14 5 6 | 0 0 0 15 | 0 8 0 0 | 9 16 0 0 | 
-------------------------
=======
----------------------------------
|  0  0  0 |  8  0  0 |  0  0  0 | 
|  6  0  0 |  4  0  0 |  5  0  0 | 
|  0  5  7 |  0  3  2 |  6  4  0 | 
----------------------------------
|  5  0  0 |  0  0  1 |  0  7  0 | 
|  0  4  0 |  0  0  0 |  9  0  5 | 
|  0  1  0 |  0  8  0 |  0  0  0 | 
----------------------------------
|  1  0  4 |  3  0  0 |  0  0  0 | 
|  0  0  0 |  6  0  0 |  0  0  2 | 
|  0  9  0 |  0  0  0 |  0  5  0 | 
----------------------------------
>>>>>>> 974e8bd914fc5c374a0860573f7baefb795cf18a
