Welcome to Unit Testing
-------------------------
| 0 0 0 | 3 5 7 | 0 0 0 | 
| 0 0 0 | 2 8 4 | 0 0 0 | 
| 0 0 0 | 9 1 6 | 0 0 0 | 
-------------------------
| 0 0 0 | 0 0 0 | 0 0 0 | 
| 0 0 0 | 0 0 0 | 0 0 0 | 
| 0 0 0 | 0 0 0 | 0 0 0 | 
-------------------------
| 0 0 0 | 0 0 0 | 0 0 0 | 
| 0 0 0 | 0 0 0 | 0 0 0 | 
| 0 0 0 | 0 0 0 | 0 0 0 | 
-------------------------
Test 1 passed
-------------------------
| 3 0 0 | 0 4 0 | 0 0 0 | 
| 9 0 7 | 0 0 5 | 0 1 0 | 
| 0 0 1 | 0 9 0 | 2 0 7 | 
-------------------------
| 0 0 4 | 0 0 3 | 0 0 0 | 
| 1 8 0 | 0 0 0 | 0 0 6 | 
| 0 0 2 | 5 0 0 | 9 4 0 | 
-------------------------
| 0 0 0 | 0 0 0 | 3 0 0 | 
| 5 0 0 | 0 0 4 | 0 0 0 | 
| 0 0 0 | 2 0 0 | 1 7 0 | 
-------------------------
Test 2 passed

Testing sudokuTable_load...
Printing the original table from file...
-------------------------
| 6 0 0 | 0 7 2 | 9 1 0 | 
| 5 0 3 | 0 6 0 | 0 8 0 | 
| 0 0 0 | 0 0 0 | 0 0 0 | 
-------------------------
| 9 0 0 | 3 0 0 | 0 0 5 | 
| 0 0 4 | 0 0 8 | 0 2 0 | 
| 0 0 8 | 1 0 0 | 0 6 3 | 
-------------------------
| 0 0 0 | 0 8 0 | 2 0 0 | 
| 3 0 0 | 0 0 0 | 0 9 0 | 
| 0 7 0 | 0 0 0 | 0 0 1 | 
-------------------------

Printing the loaded table...
Test load passed, check if printed tables are the same
found unique solution of 
-------------------------
| 3 2 1 | 7 6 4 | 5 8 9 | 
| 7 5 4 | 8 2 9 | 1 6 3 | 
| 9 8 6 | 3 5 1 | 2 4 7 | 
-------------------------
| 8 9 2 | 4 1 3 | 7 5 6 | 
| 5 4 7 | 2 9 6 | 3 1 8 | 
| 1 6 3 | 5 8 7 | 9 2 4 | 
-------------------------
| 2 3 5 | 9 4 8 | 6 7 1 | 
| 4 1 9 | 6 7 5 | 8 3 2 | 
| 6 7 8 | 1 3 2 | 4 9 5 | 
-------------------------
Test load passed, check if printed tables are the same
All tests passed!
