----------------------------------
<<<<<<< HEAD
|  0  0  0 |  0  4  0 |  0  5  0 | 
|  4  0  7 |  0  5  0 |  0  1  2 | 
|  5  0  9 |  0  7  0 |  0  0  0 | 
----------------------------------
|  0  3  1 |  0  8  7 |  9  2  5 | 
|  7  0  2 |  1  9  3 |  8  6  0 | 
|  0  0  0 |  0  0  2 |  3  7  0 | 
----------------------------------
|  0  0  0 |  0  3  0 |  2  0  0 | 
|  2  0  3 |  0  0  6 |  5  8  7 | 
|  0  0  0 |  7  0  5 |  0  0  0 | 
=======
|  6  0  0 |  0  0  0 |  1  0  8 | 
|  1  3  0 |  0  8  0 |  6  7  5 | 
|  0  0  8 |  1  0  6 |  4  9  3 | 
----------------------------------
|  3  9  0 |  2  6  0 |  5  8  1 | 
|  5  0  0 |  0  3  0 |  0  0  4 | 
|  0  0  0 |  9  0  5 |  0  0  7 | 
----------------------------------
|  0  0  0 |  5  0  3 |  0  0  0 | 
|  0  2  0 |  0  0  0 |  0  5  0 | 
|  0  5  0 |  6  7  0 |  3  4  0 | 
>>>>>>> b79d130fc1e33faf6015732f8c71d03605f8e077
----------------------------------
